False [0.0048073  0.01522955 0.47917007] [0.00308481 0.03350681 0.43266227]
False [0.00496106 0.01497606 0.48013097] [0.00227509 0.03410895 0.43401461]
False [0.00470955 0.01503075 0.47918803] [0.0021761  0.03479567 0.43333033]
False [0.00493304 0.01521183 0.47937411] [0.00305486 0.03544706 0.43369033]
False [0.00576483 0.01539122 0.47833768] [0.0043755  0.03510225 0.43240789]
False [0.00653496 0.01572534 0.48082337] [0.00617171 0.03515246 0.43475326]
False [0.00717452 0.01610817 0.48056497] [0.00544982 0.03587887 0.43467222]
False [0.00674869 0.01681073 0.47953314] [0.00592238 0.03673562 0.43368212]
False [0.00633984 0.01719461 0.47886199] [0.00448721 0.03774189 0.43331667]
False [0.00601254 0.01746249 0.4781754 ] [0.00553554 0.03829621 0.43272512]
False [0.00583836 0.0177656  0.47956768] [0.00506024 0.03762665 0.43368812]
False [0.00579628 0.01807709 0.47966897] [0.00533418 0.0377081  0.43368625]
False [0.00584988 0.01818708 0.48008145] [0.00553521 0.03811973 0.43422744]
False [0.00577887 0.01840518 0.47936361] [0.00507505 0.03847542 0.43357399]
False [0.00576851 0.01854966 0.47881636] [0.00533216 0.03900053 0.43319212]
False [0.00537473 0.01887321 0.47953167] [0.00514487 0.03858678 0.43358254]
False [0.00534925 0.0191245  0.47884021] [0.00433785 0.03833854 0.43269048]
False [0.00527192 0.0194284  0.48026238] [0.00440624 0.03935478 0.43441273]
False [0.00550519 0.0196662  0.48049151] [0.00450331 0.03982059 0.43474442]
False [0.00538219 0.01929248 0.47892345] [0.00453376 0.03972359 0.43329616]
False [0.00540344 0.01894337 0.47782793] [0.00478818 0.03879114 0.43194016]
False [0.00532802 0.01872989 0.47827704] [0.00372267 0.03867883 0.43245715]
False [0.00524318 0.0186372  0.4778829 ] [0.00456767 0.03802607 0.4318002 ]
False [0.00501189 0.01875449 0.47868775] [0.00448671 0.03784339 0.43247803]
False [0.00495646 0.0188126  0.47737629] [0.00412049 0.03773424 0.4311024 ]
False [0.0044921  0.01889077 0.47849592] [0.0040141  0.03891989 0.43268537]
False [0.0042249  0.01901363 0.47857147] [0.00287045 0.0377054  0.4322165 ]
False [0.00308647 0.01905277 0.47930937] [0.00251789 0.03768875 0.43291565]
False [0.00217833 0.01929573 0.48049005] [0.0015953  0.03841365 0.43429302]
False [0.00100893 0.01921293 0.4820475 ] [0.00052412 0.03780022 0.4356333 ]
False [-0.00080316  0.01891235  0.48290061] [1.34760850e-04 3.83054466e-02 4.36824278e-01]
False [-0.00307832  0.01898674  0.48292984] [-0.00126074  0.03795571  0.4367035 ]
False [-0.00525365  0.01892292  0.48177145] [-0.00319033  0.03811769  0.43564875]
False [-0.00753804  0.01898126  0.48289475] [-0.00390584  0.03791169  0.43675966]
False [-0.00935715  0.01894752  0.48512989] [-0.00732259  0.03846077  0.43913974]
False [-0.01133828  0.01926568  0.48496273] [-0.0084765   0.03802813  0.43870496]
False [-0.01325526  0.01922479  0.48312848] [-0.01039504  0.03936092  0.43745184]
False [-0.01536948  0.01919852  0.48381343] [-0.01250572  0.0389693   0.43797768]
False [-0.01817381  0.01910979  0.48576996] [-0.0142851   0.03707688  0.43927199]
False [-0.02135451  0.01910853  0.4862641 ] [-0.01593628  0.03690186  0.43985246]
False [-0.0243728   0.01922625  0.48614648] [-0.01814476  0.03773296  0.440117  ]
False [-0.02697371  0.01919752  0.48313383] [-0.02107423  0.03802641  0.43719182]
False [-0.03031431  0.01941531  0.48644748] [-0.02418674  0.03797554  0.44042606]
False [-0.03269434  0.01929215  0.48578968] [-0.02691287  0.03804187  0.43980031]
False [-0.03506254  0.01950063  0.48406894] [-0.02822806  0.03811642  0.43816968]
False [-0.03738954  0.01996526  0.48230172] [-0.02896135  0.03843743  0.43660988]
False [-0.04073767  0.02099446  0.481902  ] [-0.03168494  0.04127553  0.4371055 ]
False [-0.04412299  0.02188399  0.48020979] [-0.03507097  0.04293665  0.43577054]
False [-0.04738938  0.02229219  0.48226889] [-0.03846158  0.04213433  0.4372513 ]
False [-0.05045345  0.02218597  0.4839532 ] [-0.0419849   0.04169394  0.43870143]
False [-0.05351051  0.02219669  0.4836049 ] [-0.04403476  0.04153798  0.43848146]
False [-0.05675655  0.02226102  0.48399179] [-0.04607411  0.04038353  0.43863256]
False [-0.05956685  0.0224478   0.48206406] [-0.04842936  0.04070128  0.43686708]
False [-0.06347682  0.0235417   0.48156261] [-0.0515444   0.04222787  0.43674694]
False [-0.06733796  0.02452148  0.48251679] [-0.05299847  0.04254784  0.43813854]
False [-0.07025026  0.02510775  0.48177177] [-0.05794504  0.04246836  0.43652588]
False [-0.0737441   0.02552126  0.4826185 ] [-0.05984547  0.04418979  0.43836566]
False [-0.07801216  0.02577375  0.48551001] [-0.06418911  0.04286094  0.44059953]
False [-0.08239867  0.02607686  0.48609736] [-0.06865617  0.04330588  0.44121635]
False [-0.08709284  0.02667347  0.48636403] [-0.0706426   0.0429018   0.44202408]
False [-0.09176924  0.02773741  0.48746987] [-0.07422345  0.04432216  0.44368527]
False [-0.09563945  0.02863121  0.48853626] [-0.07829544  0.04347303  0.44405137]
False [-0.09957832  0.02961378  0.48990787] [-0.08201168  0.0453256   0.4458108 ]
False [-0.10179827  0.02996041  0.4883561 ] [-0.08468673  0.04470136  0.44374781]
False [-0.10446936  0.03078094  0.49135386] [-0.08759398  0.04599232  0.44681359]
False [-0.10598628  0.03099869  0.49215525] [-0.09026101  0.04656364  0.44731722]
False [-0.10689171  0.03125326  0.49356683] [-0.09029744  0.04639886  0.44889871]
False [-0.10714438  0.03151992  0.49334259] [-0.08977197  0.04641336  0.44888604]
False [-0.1074563   0.03142538  0.49377681] [-0.09000514  0.04671914  0.44948733]
False [-0.10742304  0.03109573  0.49375985] [-0.09038022  0.04623291  0.44925807]
False [-0.10741317  0.03086558  0.49327605] [-0.08974668  0.04593949  0.44899657]
False [-0.10726528  0.03061238  0.49263496] [-0.08963315  0.04544594  0.44826071]
False [-0.1066801   0.03030524  0.49292952] [-0.0897374   0.04648972  0.44875931]
False [-0.10531511  0.03006194  0.49372422] [-0.08835242  0.04660038  0.44969302]
False [-0.10265715  0.02911075  0.49066193] [-0.08523533  0.04488299  0.44652899]
False [-0.10062373  0.02901411  0.4912821 ] [-0.08348966  0.0438659   0.44671924]
False [-0.09809536  0.02818207  0.48942695] [-0.08152584  0.0426522   0.44452633]
False [-0.09556529  0.02798098  0.49030706] [-0.07922248  0.04229282  0.4452728 ]
False [-0.091273    0.02670255  0.48790978] [-0.07395424  0.04293427  0.44390305]
False [-0.08752406  0.02620707  0.48867342] [-0.0710726   0.04130496  0.44393638]
False [-0.08338669  0.02576645  0.48939428] [-0.0669837   0.04252047  0.44523271]
False [-0.07883073  0.02497426  0.49098703] [-0.06318458  0.04010486  0.445973  ]
False [-0.07304598  0.02453399  0.48849325] [-0.0577184   0.04194315  0.44419893]
False [-0.06741542  0.02410113  0.48912139] [-0.05122189  0.04273302  0.44564011]
False [-0.06077063  0.02345908  0.48742904] [-0.04629218  0.04380016  0.44410912]
False [-0.05485158  0.02334082  0.48715254] [-0.0424531   0.04034885  0.44179833]
False [-0.04868816  0.02314256  0.48529637] [-0.03769313  0.04126745  0.44001284]
False [-0.04209954  0.02286445  0.48532354] [-0.03371954  0.04182946  0.43982515]
False [-0.03555996  0.02273406  0.48747281] [-0.02956721  0.04283176  0.44208372]
False [-0.02919945  0.02252013  0.48469742] [-0.02221661  0.03966359  0.43825022]
False [-0.02270996  0.02252645  0.48613173] [-0.01797285  0.04259946  0.44058358]
False [-0.01632622  0.02265632  0.48309672] [-0.01302382  0.04254448  0.43734134]
False [-0.01016841  0.02280381  0.48205079] [-0.00869045  0.04216312  0.43597442]
False [-0.00453748  0.02326523  0.4829598 ] [-0.00561371  0.0411713   0.43628846]
False [0.00090358 0.02407807 0.48323316] [-0.00181852  0.04138934  0.43640464]
False [0.00587086 0.02501282 0.48329559] [0.00219731 0.04328501 0.43689912]
False [0.01083071 0.02587148 0.48077572] [0.00826541 0.04495149 0.43463059]
False [0.01562211 0.02671135 0.47861565] [0.00995723 0.04413888 0.43209479]
False [0.02037042 0.02769786 0.47676408] [0.01400844 0.04636289 0.43081691]
False [0.02477287 0.02902241 0.47912738] [0.01957629 0.04902823 0.43359977]
False [0.02865873 0.03042527 0.47925042] [0.02784105 0.04825543 0.43254479]
False [0.03243687 0.03198752 0.4789074 ] [0.02659514 0.04860731 0.43211363]
False [0.03653187 0.0341951  0.48023465] [0.03207551 0.05385854 0.43447998]
False [0.04033913 0.03621361 0.48425847] [0.03765929 0.0531014  0.43727314]
False [0.04378385 0.03753238 0.4832608 ] [0.04141762 0.05392782 0.43608464]
False [0.04706171 0.03903452 0.48135181] [0.04214973 0.05754524 0.43516495]
False [0.05013504 0.04130675 0.48293875] [0.04784172 0.05955753 0.4364452 ]
False [0.05329382 0.04278439 0.48233902] [0.04878681 0.06083136 0.43592788]
False [0.05684441 0.04478095 0.48228279] [0.05478748 0.06411976 0.43622002]
False [0.06008453 0.04667067 0.48216302] [0.05380331 0.06512681 0.43612046]
False [0.06358235 0.04834112 0.48000773] [0.05689854 0.06555398 0.43354221]
False [0.06724331 0.04953393 0.47735886] [0.05750946 0.06453292 0.43066537]
False [0.07124914 0.05078993 0.47640929] [0.06146469 0.06722567 0.43021263]
False [0.07490728 0.0511445  0.47183616] [0.06471148 0.06483315 0.42483971]
False [0.07907227 0.05193593 0.47002213] [0.06808918 0.06469223 0.42294083]
False [0.082995   0.05293583 0.46970665] [0.07101882 0.06485777 0.42264883]
False [0.0866221  0.05386424 0.46901145] [0.07534281 0.0690865  0.42273986]
False [0.09015267 0.05435686 0.4683692 ] [0.07787243 0.06851487 0.42201462]
False [0.09299931 0.05445935 0.46531582] [0.07742421 0.06723632 0.41955377]
False [0.09666956 0.05533108 0.465028  ] [0.07958927 0.0713028  0.42083335]
False [0.10031542 0.05692063 0.46534747] [0.08351001 0.07215896 0.42078996]
False [0.10408635 0.05841878 0.46591765] [0.08555176 0.07385984 0.42212219]
False [0.10754484 0.05930735 0.46371792] [0.08646957 0.07539887 0.42132811]
False [0.11131554 0.06005985 0.46396428] [0.09053862 0.07587974 0.42132568]
False [0.11456596 0.06069377 0.46297806] [0.09352804 0.07365277 0.41951003]
False [0.11732612 0.06107616 0.46212498] [0.09814382 0.07380641 0.41774052]
False [0.11851457 0.06091035 0.46048789] [0.10011534 0.07566373 0.41639927]
False [0.12072922 0.06121155 0.46007454] [0.10277226 0.07594552 0.41579749]
False [0.12189268 0.0613232  0.45825949] [0.10524253 0.07535009 0.41324817]
False [0.12333756 0.06183222 0.45733371] [0.10526454 0.07659288 0.41311281]
False [0.12503515 0.06245677 0.45511968] [0.10221233 0.0759739  0.41273565]
False [0.12672311 0.0630425  0.45382398] [0.10447359 0.07691388 0.41125   ]
False [0.12964829 0.0643978  0.45480623] [0.1054053  0.07643722 0.4127666 ]
False [0.13312447 0.0657595  0.45703226] [0.10827475 0.07633381 0.41495286]
False [0.13595431 0.06669063 0.45816677] [0.10993767 0.07904709 0.4172956 ]
False [0.13841525 0.067544   0.45742962] [0.1118402  0.08117792 0.4173312 ]
False [0.14068044 0.06838616 0.45576772] [0.11471172 0.08036448 0.41475375]
False [0.14288419 0.06936276 0.45591864] [0.11768324 0.07999471 0.41406325]
False [0.14459262 0.07017651 0.45334166] [0.11906166 0.08047278 0.41160251]
False [0.14722251 0.07174136 0.45669178] [0.12151019 0.08190355 0.41503117]
False [0.14797762 0.07212395 0.45438551] [0.12332753 0.08192463 0.41200251]
False [0.14937959 0.07289437 0.45550958] [0.1245026  0.08360101 0.4134798 ]
False [0.15042937 0.0738646  0.45621534] [0.12738001 0.085459   0.41338665]
False [0.15031701 0.07371076 0.45531536] [0.12643837 0.08532076 0.4129477 ]
False [0.1503714  0.07372395 0.45449663] [0.12746776 0.08473123 0.41143548]
False [0.14997377 0.07410905 0.4567286 ] [0.12766216 0.08447836 0.41320079]
False [0.14809378 0.07288076 0.45257559] [0.12488227 0.08160943 0.40915858]
False [0.14730488 0.07178417 0.45460911] [0.12278584 0.08070514 0.41195665]
False [0.14466167 0.07057313 0.45265623] [0.11897189 0.08282831 0.4115485 ]
False [0.1433799  0.06974664 0.4549498 ] [0.11681616 0.08106865 0.41413093]
False [0.14061628 0.06849362 0.4537808 ] [0.11402814 0.08055401 0.41318994]
False [0.1385515  0.06740326 0.45632636] [0.11202452 0.08022543 0.41592943]
False [0.13593144 0.0663857  0.45590231] [0.1101998  0.07825529 0.4147077 ]
False [0.13247925 0.06498189 0.45422159] [0.10579581 0.07745226 0.41381758]
False [0.12915922 0.06350846 0.45390243] [0.10643499 0.07794502 0.41176936]
False [0.12510327 0.06261661 0.45295578] [0.10296105 0.07556172 0.41003555]
False [0.121251   0.06116231 0.45502202] [0.09673304 0.07606588 0.41407384]
False [0.11650956 0.05956904 0.4580688 ] [0.09045341 0.07333037 0.41767445]
False [0.11123542 0.05746642 0.45754171] [0.08656798 0.07104364 0.41622373]
False [0.10677049 0.05560202 0.45969278] [0.08428307 0.06846286 0.41692697]
False [0.1021756  0.05430231 0.46224208] [0.08410349 0.07090143 0.41867755]
False [0.09785515 0.05293854 0.4648079 ] [0.08230999 0.06762214 0.41961121]
False [0.09389309 0.05153735 0.46681135] [0.08037804 0.06782802 0.42151281]
False [0.08978275 0.04993987 0.46840696] [0.07594871 0.06562348 0.42299062]
False [0.08552711 0.04816022 0.46817422] [0.0743632  0.0659375  0.42279432]
False [0.08119097 0.04635057 0.46857627] [0.0703311  0.06304138 0.42271255]
False [0.07687357 0.0445108  0.46682281] [0.06712395 0.06030958 0.42039713]
False [0.07250685 0.04268923 0.46403052] [0.06082459 0.05996353 0.41858689]
False [0.06919106 0.04169642 0.46719702] [0.06029471 0.05994468 0.42150396]
False [0.06600445 0.04117008 0.46996238] [0.05748289 0.05883261 0.42396871]
False [0.06297644 0.04108205 0.47192784] [0.05574297 0.05933262 0.42594313]
False [0.0601536  0.04067669 0.47319537] [0.05370659 0.05865636 0.4269875 ]
False [0.05743123 0.03987271 0.47293675] [0.05191044 0.05888832 0.42702458]
False [0.05482386 0.03929302 0.47352683] [0.04860674 0.05661993 0.42703892]
False [0.05255272 0.03931264 0.47459122] [0.04734409 0.05539789 0.42753662]
False [0.05006067 0.03879788 0.47255267] [0.04579599 0.05587328 0.42575263]
False [0.04764733 0.03824825 0.47357564] [0.04462714 0.0566192  0.42717105]
False [0.04574479 0.03674655 0.4718001 ] [0.04158562 0.05647083 0.42604363]
False [0.04463883 0.0347075  0.47306129] [0.04227774 0.05375453 0.42689165]
False [0.04404743 0.03261232 0.47108565] [0.03988728 0.05284006 0.4255496 ]
False [0.04380621 0.02988811 0.47280491] [0.03847623 0.04846453 0.42669083]
False [0.04269582 0.02660258 0.47204967] [0.03794034 0.0459296  0.4261819 ]
False [0.04121933 0.02354934 0.47324185] [0.03570096 0.04374845 0.42783763]
False [0.03965581 0.02064092 0.47489004] [0.03513345 0.03984115 0.42894551]
False [0.03748868 0.01762391 0.47382352] [0.03319468 0.03813368 0.42842626]
False [0.03555382 0.01552968 0.47681485] [0.03092479 0.03582613 0.43135469]
False [0.03366703 0.01320062 0.48048153] [0.02767925 0.03346236 0.43516477]
False [0.03165201 0.0097239  0.48727987] [0.02846181 0.03079536 0.44204918]
False [0.02887557 0.00498449 0.49110524] [0.02657715 0.02610484 0.44584325]
False [ 2.58369908e-02 -2.55930597e-04  4.92140244e-01] [0.02162038 0.02282578 0.44798761]
False [ 0.02288704 -0.00535595  0.49204387] [0.02045988 0.01806189 0.44793363]
False [ 0.02000702 -0.01054437  0.49410892] [0.01749214 0.01108463 0.44909935]
False [ 0.01854679 -0.0156876   0.49689359] [0.01688632 0.00633281 0.45203443]
False [ 0.01777126 -0.02018629  0.49756195] [0.01677672 0.00157688 0.45255778]
False [ 0.01739627 -0.02482988  0.49923932] [ 0.01641517 -0.00209955  0.45471551]
False [ 0.01735991 -0.02926007  0.49845658] [ 0.01615041 -0.00725567  0.45357514]
False [ 0.0175914  -0.0331691   0.49820269] [ 0.01651339 -0.01089084  0.4534532 ]
False [ 0.01836381 -0.03686958  0.49884218] [ 0.01641599 -0.0156834   0.45359451]
False [ 0.0194226  -0.03997296  0.49953837] [ 0.01790706 -0.01818688  0.45455983]
False [ 0.01991441 -0.04326816  0.50012967] [ 0.01790322 -0.02123427  0.45529148]
False [ 0.01968713 -0.04657876  0.50022336] [ 0.0176389  -0.0255278   0.45491704]
False [ 0.01871437 -0.04938223  0.50137259] [ 0.01499034 -0.02842812  0.45612818]
False [ 0.01759639 -0.05222466  0.5016227 ] [ 0.01402628 -0.02999807  0.45697706]
False [ 0.0165406  -0.05519918  0.50528825] [ 0.01430968 -0.0340789   0.46002285]
False [ 0.01639862 -0.05770236  0.50625805] [ 0.01384748 -0.03722652  0.46071431]
False [ 0.01648625 -0.06035171  0.5080416 ] [ 0.01474675 -0.04030215  0.46227054]
False [ 0.01674816 -0.06293449  0.50908544] [ 0.01510421 -0.04217627  0.46362784]
False [ 0.01678763 -0.06528396  0.50976857] [ 0.01576868 -0.04589677  0.46369147]
False [ 0.01664613 -0.06700545  0.51026914] [ 0.01540944 -0.04850324  0.4638349 ]
False [ 0.01657245 -0.06816932  0.50975763] [ 0.0145757  -0.04957699  0.4633859 ]
False [ 0.01670687 -0.06870089  0.50970235] [ 0.01449915 -0.05026104  0.46327932]
False [ 0.01751095 -0.06830351  0.5087164 ] [ 0.01523598 -0.05012081  0.46219529]
False [ 0.0186499  -0.06678608  0.50637953] [ 0.01576931 -0.04760547  0.46029475]
False [ 0.01937755 -0.06548695  0.50564745] [ 0.01679127 -0.04597821  0.45968311]
False [ 0.02000736 -0.06376824  0.50499023] [ 0.01750147 -0.04375883  0.45923716]
False [ 0.01997747 -0.06178831  0.50372972] [ 0.01724279 -0.04175424  0.45800054]
False [ 0.01928995 -0.0597839   0.50392728] [ 0.01729546 -0.03988098  0.45810266]
False [ 0.01857814 -0.05692918  0.50230599] [ 0.01737689 -0.03613036  0.45685309]
False [ 0.01749691 -0.05274586  0.50047801] [ 0.01360125 -0.03111309  0.45556868]
False [ 0.01636139 -0.04855481  0.49879377] [ 0.01527571 -0.02655006  0.45390934]
False [ 0.01592381 -0.04441811  0.49655966] [ 0.0136764  -0.02169258  0.45207933]
False [ 0.0144646  -0.04000762  0.49760006] [ 0.01377403 -0.01745779  0.45297912]
False [ 0.01294781 -0.03561285  0.4978117 ] [ 0.01234558 -0.01281749  0.45331441]
False [ 0.0116894  -0.03217619  0.49735368] [ 0.01165902 -0.01075245  0.452176  ]
False [ 0.01086904 -0.02908777  0.4979926 ] [ 0.00727891 -0.00647467  0.4535431 ]
False [ 0.00990797 -0.02623039  0.49896194] [ 0.00875231 -0.00522613  0.45360243]
False [ 0.0098008  -0.02374119  0.49937854] [ 0.0095626  -0.00199246  0.45435704]
False [ 0.00995636 -0.02164807  0.49748771] [9.60804256e-03 3.50971554e-05 4.52435304e-01]
False [ 0.00978211 -0.0198048   0.49451387] [0.00844402 0.0018803  0.44948093]
False [ 0.00992183 -0.01801486  0.4916891 ] [0.00929339 0.00298544 0.44631738]
False [ 0.00943893 -0.01549507  0.48794112] [0.00816234 0.00598903 0.44281016]
False [ 0.0088492  -0.01296273  0.48517697] [0.00706376 0.00885491 0.44022363]
False [ 0.00857536 -0.00975986  0.48221278] [0.00729771 0.01402272 0.43824966]
False [ 0.00907764 -0.0062008   0.47800568] [0.00890369 0.01538877 0.43290734]
False [ 0.00971223 -0.00361609  0.47499914] [0.00868977 0.01874478 0.43028956]
False [ 0.0098451  -0.00197147  0.47229856] [0.00943136 0.01973093 0.42725597]
False [ 1.03258473e-02 -8.20675151e-05  4.68027854e-01] [0.00891791 0.02237869 0.42337887]
False [0.01022473 0.00296489 0.46368434] [0.00799112 0.02603631 0.41938174]
False [0.01034968 0.00694729 0.45928938] [0.00967339 0.03051861 0.41519929]
False [0.01079106 0.0103186  0.45490243] [0.01081706 0.03458769 0.41118732]
False [0.01154925 0.01303648 0.45265748] [0.01072327 0.03468103 0.40759273]
False [0.01204428 0.01493006 0.44877275] [0.01137163 0.03660957 0.40372226]
False [0.01230469 0.01679222 0.44523943] [0.01217095 0.04022206 0.40106903]
False [0.01226571 0.019367   0.44160983] [0.01219411 0.04226014 0.39715875]
False [0.01194743 0.02203143 0.43833978] [0.01085622 0.04285114 0.39289367]
False [0.01160653 0.02461174 0.43607187] [0.01150096 0.04726511 0.39149818]
False [0.01129553 0.02683072 0.43456492] [0.01054281 0.04932682 0.38991787]
False [0.01113943 0.02852086 0.43349493] [0.00899761 0.05117924 0.38897515]
False [0.01091427 0.02952755 0.4327999 ] [0.00860762 0.05027149 0.38736458]
False [0.01035705 0.03033928 0.43261619] [0.00945182 0.05163473 0.38738695]
False [0.00976655 0.03119701 0.42996745] [0.0093489  0.05250236 0.38473575]
False [0.00916027 0.03287871 0.42880168] [0.00805899 0.05496327 0.38395684]
False [0.00924255 0.03446101 0.42905781] [0.00971636 0.05715727 0.38450834]
False [0.00952815 0.03557472 0.42998036] [0.00975659 0.05817204 0.38537869]
False [0.0094844  0.03638852 0.42932903] [0.01086463 0.05849063 0.38450055]
False [0.00917418 0.03704333 0.42958511] [0.00937861 0.05859686 0.38446965]
False [0.00872825 0.03798119 0.43079844] [0.00925286 0.05959756 0.38571565]
False [0.00843366 0.03850433 0.43165869] [0.00775611 0.06066722 0.3868441 ]
False [0.00852159 0.0385383  0.43406965] [0.00805973 0.06032864 0.38907001]
False [0.00865819 0.03771032 0.43469356] [0.00870741 0.0599161  0.38989511]
False [0.0089445  0.03704442 0.43605887] [0.00920405 0.05857807 0.39093422]
False [0.00910471 0.03656964 0.4363859 ] [0.00871583 0.05674475 0.39063861]
False [0.00928091 0.03611527 0.43698072] [0.00884473 0.05718521 0.39163905]
False [0.00949374 0.03592617 0.4377121 ] [0.00882899 0.05602138 0.39193284]
False [0.00989096 0.03594376 0.44123081] [0.00610466 0.06154693 0.39845066]
False [0.01006221 0.03549691 0.43950763] [0.01220429 0.06084091 0.39646006]
False [0.01011444 0.03527433 0.44210265] [0.01310455 0.05572703 0.39657522]
False [0.01011341 0.03453623 0.44082973] [0.01140915 0.05354402 0.39460176]
False [0.01021253 0.03396158 0.43924345] [0.01169512 0.05201947 0.39264179]
False [0.00994737 0.03340666 0.43806597] [0.01060858 0.05058917 0.39111574]
False [0.00960903 0.03328995 0.43955194] [0.00969177 0.04985193 0.39237468]
False [0.00945685 0.03282534 0.43835044] [0.00873905 0.04972077 0.39129696]
False [0.00962573 0.03239254 0.43872949] [0.00871631 0.04810235 0.3912703 ]
False [0.0096715  0.03196577 0.43852573] [0.00881811 0.04820465 0.39124391]
False [0.00987433 0.03123578 0.43789455] [0.00958433 0.04811541 0.39083082]
False [0.00997881 0.03049856 0.43720641] [0.00984266 0.04718517 0.39007321]
False [0.00988328 0.029826   0.43811109] [0.00977658 0.04593732 0.39077808]
False [0.0097246  0.02894921 0.43856417] [0.01035505 0.04364487 0.39077673]
False [0.0095464  0.02799257 0.43754127] [0.0102929  0.04199601 0.38954808]
False [0.00924661 0.02698354 0.43964487] [0.00878502 0.04013966 0.39140895]
False [0.00875776 0.02563946 0.4399889 ] [0.01007146 0.03904585 0.39183765]
False [0.00835556 0.02474076 0.44140547] [0.00878098 0.03659755 0.39283351]
False [0.00802113 0.02357479 0.44292567] [0.00885163 0.03585786 0.394465  ]
False [0.00801516 0.02252305 0.44286098] [0.00919183 0.03502413 0.39446327]
False [0.00791053 0.02147606 0.44295257] [0.00975707 0.03399453 0.39458028]
False [0.00806349 0.02086106 0.44368595] [0.00875288 0.03351129 0.39531762]
False [0.00821403 0.02020533 0.44135579] [0.00852887 0.03349594 0.39315558]
False [0.00832021 0.02001974 0.44215338] [0.00984196 0.03305179 0.39390558]
False [0.00830295 0.01981535 0.44184031] [0.01517489 0.03323473 0.3941675 ]
False [0.00825965 0.01978154 0.44246497] [0.01533812 0.03303857 0.39477696]
False [0.00816341 0.01967798 0.44235471] [0.01524649 0.03266208 0.39459235]
False [0.0083005  0.01963274 0.44176206] [0.01549224 0.03255373 0.39399882]
False [0.00867534 0.01959611 0.44171828] [0.01631668 0.03178386 0.39383228]
False [0.00930631 0.01980722 0.44203008] [0.0217699  0.03187743 0.39513692]
False [0.01010063 0.02001153 0.44193645] [0.02427887 0.03241793 0.39562167]
False [0.01048835 0.01997157 0.44262968] [0.02438622 0.0331178  0.39643416]
False [0.01105218 0.01987518 0.44246681] [0.02470626 0.0323903  0.39602396]
False [0.0114465  0.0199387  0.44257906] [0.024912   0.03229469 0.39603865]
False [0.01192065 0.02014393 0.44219027] [0.0247058  0.03229337 0.39540426]
False [0.01245636 0.0204227  0.44242345] [0.02623407 0.03353878 0.39618339]
False [0.0130755  0.02062638 0.44229625] [0.02750093 0.03325534 0.39611816]
False [0.01368059 0.02075777 0.4420331 ] [0.02783419 0.0332064  0.39572212]
False [0.01417665 0.02103813 0.44214369] [0.02835283 0.03363918 0.39588086]
False [0.01419551 0.02120653 0.44176679] [0.027621   0.03450802 0.39547612]
False [0.01440924 0.0215103  0.44116371] [0.02808105 0.03500932 0.3950025 ]
False [0.01445561 0.02195157 0.44215852] [0.02636209 0.03731548 0.39609133]
False [0.01458627 0.02237486 0.44331673] [0.01392545 0.03909853 0.39620111]
False [0.01474436 0.02256314 0.44346286] [0.01199931 0.03964418 0.39655121]
False [0.01479429 0.02264513 0.44342054] [0.01171804 0.03968711 0.39651524]
False [0.01483625 0.02260797 0.44280748] [0.01163128 0.0396394  0.39590696]
False [0.01489598 0.02263166 0.44365627] [0.01223675 0.03935707 0.39661172]
False [0.01477753 0.02258858 0.44335518] [0.00831153 0.03873291 0.39647712]
False [0.01427713 0.02269291 0.44390351] [2.19675949e-06 3.70338788e-02 3.98180842e-01]
False [0.01354292 0.02262223 0.44445501] [-0.00214666  0.0372107   0.39927743]
False [0.01254742 0.02233782 0.44571256] [-0.00312195  0.03742217  0.40069108]
False [0.01097119 0.02232349 0.44575478] [-0.00444978  0.03817153  0.40091024]
False [0.00937383 0.02227362 0.44673377] [-0.00661699  0.03805456  0.40206548]
False [0.00743256 0.02198794 0.44424069] [-0.00801556  0.03814414  0.39951561]
False [0.00566349 0.021659   0.44531367] [-0.01047963  0.03703849  0.40056023]
False [0.00420739 0.02137246 0.44523247] [-0.01340509  0.03539112  0.40058633]
False [0.00293104 0.02134218 0.44485209] [-0.01275281  0.03562496  0.39957496]
False [0.00185207 0.02111906 0.44617635] [-0.01452101  0.03527912  0.40110513]
False [0.00119487 0.02102344 0.44669985] [-0.01518632  0.0364157   0.40203739]
False [0.00084995 0.02107048 0.44617577] [-0.01512875  0.03665423  0.40143398]
False [0.00046353 0.02101825 0.44681876] [-0.01617384  0.03573827  0.40202457]
False [1.89063206e-04 2.10952503e-02 4.47025315e-01] [-0.01492838  0.03599537  0.40175447]
False [-2.69676457e-04  2.11147117e-02  4.47693960e-01] [-0.01224616  0.03678807  0.40174932]
False [-0.00069392  0.02100118  0.44722956] [-0.01220887  0.03675057  0.40119302]
False [-0.00100502  0.02092286  0.44711188] [-0.01191824  0.03635409  0.40082173]
False [-0.00114218  0.02084327  0.44634231] [-0.01253473  0.03651593  0.40024917]
False [-0.00100318  0.02072536  0.44687454] [-0.01060599  0.0383782   0.40109066]
False [-0.00063759  0.02087197  0.44872098] [-0.00180854  0.04111249  0.40301595]
False [-3.97683047e-04  2.09651500e-02  4.49560413e-01] [-0.00098746  0.04125584  0.40386643]
False [-1.19131528e-04  2.10335991e-02  4.49126233e-01] [-0.00068027  0.04196179  0.40372033]
False [4.07952785e-04 2.15803939e-02 4.48545176e-01] [0.00099601 0.0421145  0.40296004]
False [0.00090004 0.02226597 0.44836263] [-0.00055183  0.04220784  0.40253454]
False [0.00141765 0.02258651 0.44780566] [0.00107248 0.04351988 0.40239999]
False [0.00207908 0.02291401 0.44672164] [0.00149855 0.04373527 0.40126685]
False [0.00263403 0.02340375 0.44804487] [0.0039341  0.04426086 0.40262141]
False [0.0029286  0.02382103 0.44824717] [0.00289835 0.04339081 0.40223605]
False [0.00350641 0.0241717  0.44619184] [0.00350134 0.04431261 0.40042784]
False [0.00391721 0.02448761 0.44610031] [0.00382891 0.0449115  0.40046198]
False [0.00415954 0.02470263 0.44658429] [0.00322421 0.0458294  0.40127663]
False [0.00448406 0.02476132 0.44539268] [0.0033307  0.04490457 0.39964425]
False [0.00472342 0.02501786 0.44453248] [0.00396145 0.04558071 0.39896288]
False [0.00484456 0.02517079 0.44377666] [0.0042899  0.04544537 0.39807509]
False [0.00527752 0.025755   0.44247271] [0.0055319  0.04738884 0.39739598]
False [0.00541226 0.02655634 0.44220189] [0.00479845 0.04838325 0.39722179]
False [0.00564522 0.02726678 0.44024761] [0.00513734 0.04900667 0.39522407]
False [0.00583386 0.02782388 0.44085752] [0.00666041 0.04991709 0.39601103]
False [0.00607203 0.02820707 0.44008629] [0.00638743 0.05092728 0.39554763]
False [0.00625322 0.02875507 0.44022694] [0.00651663 0.05042624 0.39516819]
False [0.00639289 0.02942702 0.4396669 ] [0.0059472  0.05269585 0.39541351]
False [0.00669915 0.0301991  0.43832051] [0.00632284 0.05201711 0.39333349]
False [0.00691041 0.03116634 0.43662093] [0.0070812  0.05300849 0.39164437]
False [0.00703565 0.03214028 0.43531155] [0.00697514 0.05319349 0.38996005]
False [0.00733957 0.03282484 0.43451019] [0.00817657 0.05675648 0.39061741]
False [0.00753195 0.03384139 0.43620543] [0.00750796 0.05562063 0.39119805]
False [0.00747432 0.03443551 0.43618799] [0.00785352 0.05696215 0.39155161]
False [0.00760936 0.03514447 0.4374646 ] [0.00766222 0.05791795 0.39295206]
False [0.00782171 0.03544149 0.4377242 ] [0.00749734 0.05768877 0.39294749]
False [0.00792702 0.03540528 0.43713688] [0.00755683 0.05692622 0.39200693]
False [0.0081416  0.03543367 0.43694711] [0.00862696 0.05727903 0.3919744 ]
False [0.00809652 0.03552185 0.43696799] [0.00881278 0.05692675 0.39178705]
False [0.00799827 0.03555748 0.4374589 ] [0.00852137 0.05645489 0.39203837]
False [0.0080706  0.0355489  0.43680818] [0.00803109 0.05631068 0.3913225 ]
False [0.00813616 0.03531218 0.43581967] [0.00753241 0.05603572 0.39032055]
False [0.00814185 0.03493995 0.43551324] [0.00835797 0.05642651 0.39036591]
False [0.00810323 0.03452864 0.43444101] [0.00837208 0.05553127 0.38906682]
False [0.0079738  0.03432538 0.43506325] [0.00788358 0.05501577 0.38954512]
False [0.00774109 0.0342793  0.43496961] [0.00759802 0.05544193 0.38966925]
False [0.00764629 0.03427623 0.43597224] [0.0077526  0.05503722 0.39048631]
False [0.00739077 0.03420635 0.43610492] [0.00682402 0.05517921 0.3907197 ]
False [0.00689359 0.03392825 0.43612967] [0.00651155 0.05393536 0.39030861]
False [0.00648763 0.03360752 0.43583673] [0.00551107 0.05333926 0.3899052 ]
False [0.00589792 0.03336198 0.43585826] [0.0051706  0.05327253 0.38999933]
False [0.00528066 0.03304135 0.43615058] [0.00486773 0.05389969 0.39071096]
False [0.00505769 0.03271662 0.43604927] [0.00406722 0.05312827 0.39041613]
False [0.00482997 0.03242993 0.43564342] [0.0036913  0.05287688 0.39002954]
False [0.00464762 0.0321295  0.43527701] [0.0043189  0.05282036 0.3897602 ]
False [0.00456986 0.03200336 0.43612616] [0.00490317 0.05268715 0.39060616]
False [0.00433384 0.03188687 0.43662552] [0.0042285  0.05230587 0.39098504]
False [0.00417095 0.03167363 0.43609729] [0.003951   0.05272657 0.39074616]
False [0.0039122  0.03148006 0.43565332] [0.00269356 0.052131   0.3901335 ]
False [0.00356714 0.03134966 0.43530588] [0.00223752 0.05151377 0.38957141]
False [0.00314187 0.03113529 0.43490519] [0.00148881 0.05086921 0.38899397]
False [0.00290301 0.03101755 0.43558019] [0.00107343 0.05040223 0.3895271 ]
False [0.00262727 0.03058711 0.43579962] [0.00133595 0.04802266 0.3889559 ]
False [0.00207753 0.03006472 0.43613801] [-0.00437852  0.04286089  0.38823626]
False [0.00164062 0.02925727 0.43457852] [-0.00579702  0.04317163  0.38713306]
False [0.00125023 0.02862481 0.43446299] [-0.0075434   0.04098553  0.38681968]
False [0.0008005  0.02830823 0.43522353] [-0.00790969  0.04065473  0.3875612 ]
False [6.54601626e-05 2.79726019e-02 4.36741203e-01] [-0.00858945  0.04003896  0.38899714]
False [-0.00063838  0.02761949  0.43823126] [-0.00837492  0.0393416   0.39024441]
False [-0.00141317  0.02703222  0.43865772] [-0.00904719  0.04000746  0.3909779 ]
False [-0.002404    0.02650222  0.43954606] [-0.01174448  0.03907551  0.39206272]
False [-0.00334917  0.02561017  0.43876561] [-0.01482255  0.03825141  0.39177029]
False [-0.00470641  0.02489656  0.44038816] [-0.01702643  0.03486688  0.39296654]
False [-0.00589658  0.02414794  0.44102597] [-0.01770873  0.03416755  0.39348567]
False [-0.0072525   0.02341695  0.44200764] [-0.01923383  0.03353662  0.3945309 ]
False [-0.00853156  0.02261575  0.44233161] [-0.02142276  0.03125358  0.39480052]
False [-0.0098894   0.02199144  0.4428486 ] [-0.02190862  0.02978081  0.39494386]
False [-0.01126477  0.02145466  0.44430369] [-0.02542966  0.03028159  0.39717152]
False [-0.01263786  0.02129096  0.44643378] [-0.02635176  0.02888545  0.39895481]
False [-0.01329243  0.02102974  0.44608698] [-0.02796174  0.02879675  0.39892253]
False [-0.01402081  0.02055251  0.44872946] [-0.02725314  0.02805873  0.40110004]
False [-0.0147219   0.02018275  0.44797342] [-0.02826343  0.0270692   0.40033726]
False [-0.01556284  0.01974616  0.44825446] [-0.02992004  0.02655251  0.40084619]
False [-0.01638402  0.01946641  0.44795459] [-0.03016927  0.02793683  0.40064477]
False [-0.01724474  0.0192871   0.44788897] [-0.03100819  0.02780928  0.4005821 ]
False [-0.01796179  0.01898076  0.44706384] [-0.03133012  0.02837868  0.39980956]
False [-0.01838087  0.01932912  0.44749163] [-0.03023547  0.02812627  0.39972053]
False [-0.01854579  0.01937696  0.4469832 ] [-0.02972209  0.02877072  0.3991622 ]
False [-0.01856299  0.01947672  0.44699686] [-0.02949492  0.02900183  0.39914537]
False [-0.01818311  0.01945987  0.44730918] [-0.02885543  0.02852023  0.39930906]
False [-0.01731785  0.01927918  0.44718854] [-0.02516063  0.02805189  0.39859296]
False [-0.01677006  0.01939274  0.44714773] [-0.01443793  0.03054387  0.39846289]
False [-0.01583763  0.01970783  0.44834302] [-0.00521831  0.0314784   0.40092273]
False [-0.01505555  0.01970987  0.44884715] [-0.00264277  0.03262543  0.40216621]
False [-0.01394426  0.01971324  0.44823398] [-0.00169085  0.03284638  0.40157163]
False [-0.01233959  0.02000163  0.44628039] [0.00051865 0.03434756 0.40014081]
False [-0.00993868  0.0200292   0.44616321] [0.00289123 0.03404306 0.39991383]
False [-0.00710014  0.02006087  0.44405054] [0.00571855 0.03483339 0.39803475]
False [-0.00446166  0.02019053  0.44455649] [0.01216732 0.03382539 0.39941706]
False [-0.00176367  0.0201841   0.44602682] [0.01582956 0.03464586 0.40151462]
False [0.0011679  0.02040351 0.4463024 ] [0.01742129 0.03506611 0.4013487 ]
False [0.00354684 0.02079372 0.44549203] [0.01921945 0.03599647 0.40051153]
False [0.00518589 0.02135302 0.44590383] [0.01981262 0.03624128 0.40046818]
False [0.00693741 0.02164555 0.44570819] [0.02139813 0.03711861 0.40041502]
False [0.00870895 0.02189527 0.44588004] [0.02218241 0.03700177 0.40016069]
False [0.01061979 0.02229658 0.44551729] [0.02531412 0.03831988 0.4004914 ]
False [0.01262825 0.02279527 0.4446598 ] [0.02775472 0.0384506  0.39964757]
False [0.01453745 0.02298303 0.44541121] [0.02791569 0.03796566 0.39962318]
False [0.01605096 0.02299886 0.44693513] [0.02889703 0.03919914 0.40141009]
False [0.01738369 0.02302889 0.44609   ] [0.03004119 0.03930546 0.40053936]
False [0.0181695  0.02329979 0.44607577] [0.02449211 0.04232769 0.40027223]
False [0.01843789 0.02359808 0.44622198] [0.01879141 0.04517422 0.40111827]
False [0.01876072 0.02379049 0.4463157 ] [0.01853132 0.04456271 0.40083535]
False [0.01903827 0.02429393 0.44729646] [0.01821387 0.04577947 0.40215566]
False [0.01947859 0.02485631 0.44734102] [0.01867205 0.04662848 0.40233744]
False [0.02001566 0.0255811  0.4478002 ] [0.01887176 0.04769144 0.40296913]
False [0.02018739 0.02624227 0.44638032] [0.01906576 0.04858678 0.40166494]
False [0.02055533 0.02674322 0.44540242] [0.01970425 0.04981379 0.40105127]
False [0.02057638 0.02713291 0.44523437] [0.01896224 0.04944826 0.4005195 ]
False [0.02040967 0.02747175 0.4452968 ] [0.01907656 0.04966453 0.40051172]
False [0.01993197 0.02772063 0.44614554] [0.01914518 0.04960075 0.401194  ]
False [0.01938501 0.02797499 0.44579037] [0.01841711 0.05030967 0.40106649]
False [0.01883113 0.0285249  0.44646292] [0.01722519 0.05280742 0.40278478]
False [0.01866461 0.02997091 0.45181106] [0.01748446 0.06047949 0.41221518]
False [0.01867836 0.03048968 0.45284381] [0.01390089 0.06733987 0.41938878]
False [0.01887863 0.03088692 0.45371896] [0.01448051 0.06540693 0.41781596]
False [0.01914816 0.03050226 0.45106099] [0.02354856 0.06196797 0.4124534 ]
False [0.01910668 0.03034426 0.44751554] [0.01704148 0.05911559 0.40667505]
False [0.01938183 0.03039962 0.4452547 ] [0.01680054 0.05762093 0.40339377]
False [0.01992105 0.03053097 0.4442367 ] [0.01820189 0.05588182 0.4011742 ]
False [0.02062151 0.03094777 0.44416498] [0.01954928 0.05478632 0.40022668]
False [0.02147387 0.03111033 0.44225249] [0.0204838  0.05410976 0.39786729]
False [0.02264077 0.03170882 0.4410933 ] [0.02066434 0.05451653 0.39664218]
False [0.02492829 0.03267255 0.44091585] [0.02202356 0.0545927  0.3960709 ]
False [0.02722629 0.03369657 0.43943412] [0.02246076 0.05746786 0.39570524]
False [0.03015527 0.03471503 0.43913858] [0.02544056 0.05889503 0.39562882]
False [0.03296002 0.03590167 0.4394926 ] [0.03019867 0.0589378  0.39520139]
False [0.03618711 0.03702405 0.43989382] [0.03296154 0.06063288 0.39593681]
False [0.03898378 0.03774702 0.43979405] [0.03473392 0.06027699 0.39536051]
False [0.04202429 0.03857816 0.43927179] [0.03695558 0.06128818 0.39501614]
False [0.0456416  0.04015588 0.44069233] [0.04012245 0.06211675 0.39611364]
False [0.0494956  0.04140371 0.44019445] [0.04354036 0.06244474 0.39522991]
False [0.05297957 0.04262731 0.43904006] [0.04658791 0.06199514 0.39338884]
False [0.05602764 0.04350954 0.43576605] [0.04916613 0.06095623 0.38941378]
False [0.05846573 0.04389581 0.4296751 ] [0.05201202 0.06109954 0.38317369]
False [0.06095883 0.04460181 0.42638164] [0.05358118 0.06293385 0.38045227]
False [0.06304532 0.04502086 0.42433651] [0.05495952 0.06284414 0.37832618]
False [0.06534529 0.04586137 0.42458801] [0.05632018 0.06676086 0.38007107]
False [0.06711959 0.04657684 0.42330024] [0.05877581 0.06613083 0.37804516]
False [0.06921076 0.04745408 0.42333267] [0.05923174 0.06671282 0.37828247]
False [0.07051072 0.04780306 0.42337131] [0.0612287  0.06761049 0.3784101 ]
False [0.07168913 0.04821383 0.42256516] [0.06180778 0.06757942 0.37753925]
False [0.0724985  0.04862332 0.42213436] [0.06172567 0.06735408 0.3770444 ]
False [0.0730482  0.04909981 0.42217175] [0.06329079 0.06674369 0.37641711]
False [0.07313988 0.04923037 0.42272688] [0.06308757 0.06712738 0.37713469]
False [0.07298626 0.04958057 0.42415107] [0.06298049 0.0682185  0.37884641]
False [0.07225451 0.04933401 0.42495497] [0.06306813 0.06760947 0.37933022]
False [0.07117694 0.04895411 0.42447369] [0.0648769  0.06826436 0.37878536]
False [0.070402   0.04833321 0.42435708] [0.06580812 0.06773896 0.37850609]
False [0.06887206 0.04736359 0.42296912] [0.06514042 0.06683201 0.37706644]
False [0.06759576 0.04721627 0.42341093] [0.06372336 0.06619876 0.37731679]
False [0.06607491 0.04650827 0.42470765] [0.06217891 0.06571736 0.37870948]
False [0.06407959 0.0456152  0.42318212] [0.06110882 0.06457834 0.37701315]
False [0.06215486 0.04451734 0.42211503] [0.06076711 0.06326992 0.37578561]
False [0.06094676 0.04417232 0.42396795] [0.05887324 0.06206696 0.37732588]
False [0.05891085 0.04389121 0.42367311] [0.05326223 0.06207962 0.37744244]
False [0.05703492 0.04316835 0.42429655] [0.05100419 0.06198219 0.37836541]
False [0.05501677 0.04321614 0.42549868] [0.04967161 0.06178518 0.37938339]
False [0.05287492 0.04351703 0.42797669] [0.04733711 0.06165884 0.38171431]
False [0.05124792 0.04313967 0.42895625] [0.04557906 0.06105107 0.38262002]
False [0.04985713 0.04338608 0.43031318] [0.04366109 0.06193877 0.38429789]
False [0.0481435  0.04341476 0.43121348] [0.04065439 0.0603238  0.38475922]
False [0.04651011 0.04321248 0.43187641] [0.04025806 0.06104355 0.38558425]
False [0.04476252 0.04332363 0.43165447] [0.0391454  0.06074108 0.38512405]
False [0.04355761 0.04250601 0.4315621 ] [0.03742466 0.06141827 0.38568494]
False [0.04187869 0.04167441 0.42871339] [0.03607188 0.05981121 0.38248205]
False [0.04056768 0.04136224 0.43112629] [0.03630159 0.06039263 0.38508669]
False [0.03851097 0.04062289 0.42970087] [0.0336222  0.06077856 0.38420528]
False [0.03635745 0.04080911 0.42979791] [0.03154347 0.06062047 0.38414338]
False [0.03433826 0.04074359 0.42635916] [0.03026312 0.06259475 0.38157166]
False [0.03300648 0.042026   0.42896425] [0.02927354 0.06315028 0.38379978]
False [0.03169268 0.04354338 0.42733422] [0.02876035 0.06450226 0.38203381]
False [0.03031236 0.04544733 0.42724566] [0.02644209 0.0659971  0.38182839]
False [0.02873504 0.04743762 0.42699925] [0.02442898 0.06763449 0.38146307]
False [0.02702875 0.04895068 0.42688652] [0.02381696 0.069965   0.38163077]
False [0.02596737 0.05055211 0.42461294] [0.02366983 0.07192276 0.37946854]
False [0.0249625  0.05228832 0.42411531] [0.02266435 0.07414446 0.37920398]
False [0.02412871 0.05387512 0.42307255] [0.02211731 0.07591764 0.37823861]
False [0.02374896 0.05593813 0.42262509] [0.0221267  0.07665395 0.37714738]
False [0.02359091 0.05714191 0.42071107] [0.02174133 0.07861651 0.37559544]
False [0.02355762 0.05883819 0.42044093] [0.02218733 0.08034603 0.37532402]
